<html>
<head><meta charset="utf-8" /></head>
<body>
	<div style="width: 100%;">
    	<div style="width: 50%; float: left">                        <script type="text/javascript">window.PlotlyConfig = {MathJaxConfig: 'local'};</script>
        	<script src="https://cdn.plot.ly/plotly-latest.min.js"></script>                <div id="fe871eb9-b516-4575-8ce0-6116d52c7229" class="plotly-graph-div" style="height:800px; width:900px;"></div>            <script type="text/javascript">                                    window.PLOTLYENV=window.PLOTLYENV || {};                                    if (document.getElementById("fe871eb9-b516-4575-8ce0-6116d52c7229")) {                    Plotly.newPlot(                        "fe871eb9-b516-4575-8ce0-6116d52c7229",                        [{"hoverinfo": "text", "marker": {"color": "rgb(61,153,112)"}, "mode": "lines", "type": "scatter", "x": [15.0, 15.0, 25.0, 25.0], "xaxis": "x", "y": [0.0, 88.00085052587896, 88.00085052587896, 0.0], "yaxis": "y"}, {"hoverinfo": "text", "marker": {"color": "rgb(61,153,112)"}, "mode": "lines", "type": "scatter", "x": [45.0, 45.0, 55.0, 55.0], "xaxis": "x", "y": [0.0, 87.13411548992288, 87.13411548992288, 0.0], "yaxis": "y"}, {"hoverinfo": "text", "marker": {"color": "rgb(61,153,112)"}, "mode": "lines", "type": "scatter", "x": [35.0, 35.0, 50.0, 50.0], "xaxis": "x", "y": [0.0, 88.61937563971227, 88.61937563971227, 87.13411548992288], "yaxis": "y"}, {"hoverinfo": "text", "marker": {"color": "rgb(61,153,112)"}, "mode": "lines", "type": "scatter", "x": [20.0, 20.0, 42.5, 42.5], "xaxis": "x", "y": [88.00085052587896, 89.37434030402085, 89.37434030402085, 88.61937563971227], "yaxis": "y"}, {"hoverinfo": "text", "marker": {"color": "rgb(61,153,112)"}, "mode": "lines", "type": "scatter", "x": [5.0, 5.0, 31.25, 31.25], "xaxis": "x", "y": [0.0, 90.05911684556855, 90.05911684556855, 89.37434030402085], "yaxis": "y"}, {"hoverinfo": "text", "marker": {"color": "rgb(61,153,112)"}, "mode": "lines", "type": "scatter", "x": [125.0, 125.0, 135.0, 135.0], "xaxis": "x", "y": [0.0, 67.05554985641346, 67.05554985641346, 0.0], "yaxis": "y"}, {"hoverinfo": "text", "marker": {"color": "rgb(61,153,112)"}, "mode": "lines", "type": "scatter", "x": [115.0, 115.0, 130.0, 130.0], "xaxis": "x", "y": [0.0, 70.09370254323699, 70.09370254323699, 67.05554985641346], "yaxis": "y"}, {"hoverinfo": "text", "marker": {"color": "rgb(61,153,112)"}, "mode": "lines", "type": "scatter", "x": [145.0, 145.0, 155.0, 155.0], "xaxis": "x", "y": [0.0, 72.4955029140378, 72.4955029140378, 0.0], "yaxis": "y"}, {"hoverinfo": "text", "marker": {"color": "rgb(61,153,112)"}, "mode": "lines", "type": "scatter", "x": [122.5, 122.5, 150.0, 150.0], "xaxis": "x", "y": [70.09370254323699, 74.68733371279383, 74.68733371279383, 72.4955029140378], "yaxis": "y"}, {"hoverinfo": "text", "marker": {"color": "rgb(61,153,112)"}, "mode": "lines", "type": "scatter", "x": [105.0, 105.0, 136.25, 136.25], "xaxis": "x", "y": [0.0, 75.34747883975362, 75.34747883975362, 74.68733371279383], "yaxis": "y"}, {"hoverinfo": "text", "marker": {"color": "rgb(61,153,112)"}, "mode": "lines", "type": "scatter", "x": [95.0, 95.0, 120.625, 120.625], "xaxis": "x", "y": [0.0, 76.36383140244531, 76.36383140244531, 75.34747883975362], "yaxis": "y"}, {"hoverinfo": "text", "marker": {"color": "rgb(61,153,112)"}, "mode": "lines", "type": "scatter", "x": [85.0, 85.0, 107.8125, 107.8125], "xaxis": "x", "y": [0.0, 77.15849594486733, 77.15849594486733, 76.36383140244531], "yaxis": "y"}, {"hoverinfo": "text", "marker": {"color": "rgb(61,153,112)"}, "mode": "lines", "type": "scatter", "x": [75.0, 75.0, 96.40625, 96.40625], "xaxis": "x", "y": [0.0, 82.69053768383064, 82.69053768383064, 77.15849594486733], "yaxis": "y"}, {"hoverinfo": "text", "marker": {"color": "rgb(61,153,112)"}, "mode": "lines", "type": "scatter", "x": [65.0, 65.0, 85.703125, 85.703125], "xaxis": "x", "y": [0.0, 93.47793802979625, 93.47793802979625, 82.69053768383064], "yaxis": "y"}, {"hoverinfo": "text", "marker": {"color": "rgb(61,153,112)"}, "mode": "lines", "type": "scatter", "x": [195.0, 195.0, 205.0, 205.0], "xaxis": "x", "y": [0.0, 84.47559099727115, 84.47559099727115, 0.0], "yaxis": "y"}, {"hoverinfo": "text", "marker": {"color": "rgb(61,153,112)"}, "mode": "lines", "type": "scatter", "x": [185.0, 185.0, 200.0, 200.0], "xaxis": "x", "y": [0.0, 92.70308698726586, 92.70308698726586, 84.47559099727115], "yaxis": "y"}, {"hoverinfo": "text", "marker": {"color": "rgb(61,153,112)"}, "mode": "lines", "type": "scatter", "x": [175.0, 175.0, 192.5, 192.5], "xaxis": "x", "y": [0.0, 100.3575942355343, 100.3575942355343, 92.70308698726586], "yaxis": "y"}, {"hoverinfo": "text", "marker": {"color": "rgb(61,153,112)"}, "mode": "lines", "type": "scatter", "x": [165.0, 165.0, 183.75, 183.75], "xaxis": "x", "y": [0.0, 114.07494905036069, 114.07494905036069, 100.3575942355343], "yaxis": "y"}, {"hoverinfo": "text", "marker": {"color": "rgb(61,153,112)"}, "mode": "lines", "type": "scatter", "x": [75.3515625, 75.3515625, 174.375, 174.375], "xaxis": "x", "y": [93.47793802979625, 125.53488230848227, 125.53488230848227, 114.07494905036069], "yaxis": "y"}, {"hoverinfo": "text", "marker": {"color": "rgb(61,153,112)"}, "mode": "lines", "type": "scatter", "x": [18.125, 18.125, 124.86328125, 124.86328125], "xaxis": "x", "y": [90.05911684556855, 185.01275051930642, 185.01275051930642, 125.53488230848227], "yaxis": "y"}, {"hoverinfo": "text", "marker": {"color": "rgb(255,65,54)"}, "mode": "lines", "type": "scatter", "x": [225.0, 225.0, 235.0, 235.0], "xaxis": "x", "y": [0.0, 72.08619668865954, 72.08619668865954, 0.0], "yaxis": "y"}, {"hoverinfo": "text", "marker": {"color": "rgb(255,65,54)"}, "mode": "lines", "type": "scatter", "x": [245.0, 245.0, 255.0, 255.0], "xaxis": "x", "y": [0.0, 77.01187887295939, 77.01187887295939, 0.0], "yaxis": "y"}, {"hoverinfo": "text", "marker": {"color": "rgb(255,65,54)"}, "mode": "lines", "type": "scatter", "x": [230.0, 230.0, 250.0, 250.0], "xaxis": "x", "y": [72.08619668865954, 87.12038173534987, 87.12038173534987, 77.01187887295939], "yaxis": "y"}, {"hoverinfo": "text", "marker": {"color": "rgb(255,65,54)"}, "mode": "lines", "type": "scatter", "x": [215.0, 215.0, 240.0, 240.0], "xaxis": "x", "y": [0.0, 104.70194705559659, 104.70194705559659, 87.12038173534987], "yaxis": "y"}, {"hoverinfo": "text", "marker": {"color": "rgb(35,205,205)"}, "mode": "lines", "type": "scatter", "x": [275.0, 275.0, 285.0, 285.0], "xaxis": "x", "y": [0.0, 68.83415280411936, 68.83415280411936, 0.0], "yaxis": "y"}, {"hoverinfo": "text", "marker": {"color": "rgb(35,205,205)"}, "mode": "lines", "type": "scatter", "x": [265.0, 265.0, 280.0, 280.0], "xaxis": "x", "y": [0.0, 180.29959876157028, 180.29959876157028, 68.83415280411936], "yaxis": "y"}, {"hoverinfo": "text", "marker": {"color": "rgb(0,116,217)"}, "mode": "lines", "type": "scatter", "x": [227.5, 227.5, 272.5, 272.5], "xaxis": "x", "y": [104.70194705559659, 228.87395942276808, 228.87395942276808, 180.29959876157028], "yaxis": "y"}, {"hoverinfo": "text", "marker": {"color": "rgb(0,116,217)"}, "mode": "lines", "type": "scatter", "x": [71.494140625, 71.494140625, 250.0, 250.0], "xaxis": "x", "y": [185.01275051930642, 289.66049469611636, 289.66049469611636, 228.87395942276808], "yaxis": "y"}],                        {"autosize": false, "height": 800, "hovermode": "closest", "showlegend": false, "template": {"data": {"bar": [{"error_x": {"color": "#2a3f5f"}, "error_y": {"color": "#2a3f5f"}, "marker": {"line": {"color": "#E5ECF6", "width": 0.5}}, "type": "bar"}], "barpolar": [{"marker": {"line": {"color": "#E5ECF6", "width": 0.5}}, "type": "barpolar"}], "carpet": [{"aaxis": {"endlinecolor": "#2a3f5f", "gridcolor": "white", "linecolor": "white", "minorgridcolor": "white", "startlinecolor": "#2a3f5f"}, "baxis": {"endlinecolor": "#2a3f5f", "gridcolor": "white", "linecolor": "white", "minorgridcolor": "white", "startlinecolor": "#2a3f5f"}, "type": "carpet"}], "choropleth": [{"colorbar": {"outlinewidth": 0, "ticks": ""}, "type": "choropleth"}], "contour": [{"colorbar": {"outlinewidth": 0, "ticks": ""}, "colorscale": [[0.0, "#0d0887"], [0.1111111111111111, "#46039f"], [0.2222222222222222, "#7201a8"], [0.3333333333333333, "#9c179e"], [0.4444444444444444, "#bd3786"], [0.5555555555555556, "#d8576b"], [0.6666666666666666, "#ed7953"], [0.7777777777777778, "#fb9f3a"], [0.8888888888888888, "#fdca26"], [1.0, "#f0f921"]], "type": "contour"}], "contourcarpet": [{"colorbar": {"outlinewidth": 0, "ticks": ""}, "type": "contourcarpet"}], "heatmap": [{"colorbar": {"outlinewidth": 0, "ticks": ""}, "colorscale": [[0.0, "#0d0887"], [0.1111111111111111, "#46039f"], [0.2222222222222222, "#7201a8"], [0.3333333333333333, "#9c179e"], [0.4444444444444444, "#bd3786"], [0.5555555555555556, "#d8576b"], [0.6666666666666666, "#ed7953"], [0.7777777777777778, "#fb9f3a"], [0.8888888888888888, "#fdca26"], [1.0, "#f0f921"]], "type": "heatmap"}], "heatmapgl": [{"colorbar": {"outlinewidth": 0, "ticks": ""}, "colorscale": [[0.0, "#0d0887"], [0.1111111111111111, "#46039f"], [0.2222222222222222, "#7201a8"], [0.3333333333333333, "#9c179e"], [0.4444444444444444, "#bd3786"], [0.5555555555555556, "#d8576b"], [0.6666666666666666, "#ed7953"], [0.7777777777777778, "#fb9f3a"], [0.8888888888888888, "#fdca26"], [1.0, "#f0f921"]], "type": "heatmapgl"}], "histogram": [{"marker": {"colorbar": {"outlinewidth": 0, "ticks": ""}}, "type": "histogram"}], "histogram2d": [{"colorbar": {"outlinewidth": 0, "ticks": ""}, "colorscale": [[0.0, "#0d0887"], [0.1111111111111111, "#46039f"], [0.2222222222222222, "#7201a8"], [0.3333333333333333, "#9c179e"], [0.4444444444444444, "#bd3786"], [0.5555555555555556, "#d8576b"], [0.6666666666666666, "#ed7953"], [0.7777777777777778, "#fb9f3a"], [0.8888888888888888, "#fdca26"], [1.0, "#f0f921"]], "type": "histogram2d"}], "histogram2dcontour": [{"colorbar": {"outlinewidth": 0, "ticks": ""}, "colorscale": [[0.0, "#0d0887"], [0.1111111111111111, "#46039f"], [0.2222222222222222, "#7201a8"], [0.3333333333333333, "#9c179e"], [0.4444444444444444, "#bd3786"], [0.5555555555555556, "#d8576b"], [0.6666666666666666, "#ed7953"], [0.7777777777777778, "#fb9f3a"], [0.8888888888888888, "#fdca26"], [1.0, "#f0f921"]], "type": "histogram2dcontour"}], "mesh3d": [{"colorbar": {"outlinewidth": 0, "ticks": ""}, "type": "mesh3d"}], "parcoords": [{"line": {"colorbar": {"outlinewidth": 0, "ticks": ""}}, "type": "parcoords"}], "pie": [{"automargin": true, "type": "pie"}], "scatter": [{"marker": {"colorbar": {"outlinewidth": 0, "ticks": ""}}, "type": "scatter"}], "scatter3d": [{"line": {"colorbar": {"outlinewidth": 0, "ticks": ""}}, "marker": {"colorbar": {"outlinewidth": 0, "ticks": ""}}, "type": "scatter3d"}], "scattercarpet": [{"marker": {"colorbar": {"outlinewidth": 0, "ticks": ""}}, "type": "scattercarpet"}], "scattergeo": [{"marker": {"colorbar": {"outlinewidth": 0, "ticks": ""}}, "type": "scattergeo"}], "scattergl": [{"marker": {"colorbar": {"outlinewidth": 0, "ticks": ""}}, "type": "scattergl"}], "scattermapbox": [{"marker": {"colorbar": {"outlinewidth": 0, "ticks": ""}}, "type": "scattermapbox"}], "scatterpolar": [{"marker": {"colorbar": {"outlinewidth": 0, "ticks": ""}}, "type": "scatterpolar"}], "scatterpolargl": [{"marker": {"colorbar": {"outlinewidth": 0, "ticks": ""}}, "type": "scatterpolargl"}], "scatterternary": [{"marker": {"colorbar": {"outlinewidth": 0, "ticks": ""}}, "type": "scatterternary"}], "surface": [{"colorbar": {"outlinewidth": 0, "ticks": ""}, "colorscale": [[0.0, "#0d0887"], [0.1111111111111111, "#46039f"], [0.2222222222222222, "#7201a8"], [0.3333333333333333, "#9c179e"], [0.4444444444444444, "#bd3786"], [0.5555555555555556, "#d8576b"], [0.6666666666666666, "#ed7953"], [0.7777777777777778, "#fb9f3a"], [0.8888888888888888, "#fdca26"], [1.0, "#f0f921"]], "type": "surface"}], "table": [{"cells": {"fill": {"color": "#EBF0F8"}, "line": {"color": "white"}}, "header": {"fill": {"color": "#C8D4E3"}, "line": {"color": "white"}}, "type": "table"}]}, "layout": {"annotationdefaults": {"arrowcolor": "#2a3f5f", "arrowhead": 0, "arrowwidth": 1}, "autotypenumbers": "strict", "coloraxis": {"colorbar": {"outlinewidth": 0, "ticks": ""}}, "colorscale": {"diverging": [[0, "#8e0152"], [0.1, "#c51b7d"], [0.2, "#de77ae"], [0.3, "#f1b6da"], [0.4, "#fde0ef"], [0.5, "#f7f7f7"], [0.6, "#e6f5d0"], [0.7, "#b8e186"], [0.8, "#7fbc41"], [0.9, "#4d9221"], [1, "#276419"]], "sequential": [[0.0, "#0d0887"], [0.1111111111111111, "#46039f"], [0.2222222222222222, "#7201a8"], [0.3333333333333333, "#9c179e"], [0.4444444444444444, "#bd3786"], [0.5555555555555556, "#d8576b"], [0.6666666666666666, "#ed7953"], [0.7777777777777778, "#fb9f3a"], [0.8888888888888888, "#fdca26"], [1.0, "#f0f921"]], "sequentialminus": [[0.0, "#0d0887"], [0.1111111111111111, "#46039f"], [0.2222222222222222, "#7201a8"], [0.3333333333333333, "#9c179e"], [0.4444444444444444, "#bd3786"], [0.5555555555555556, "#d8576b"], [0.6666666666666666, "#ed7953"], [0.7777777777777778, "#fb9f3a"], [0.8888888888888888, "#fdca26"], [1.0, "#f0f921"]]}, "colorway": ["#636efa", "#EF553B", "#00cc96", "#ab63fa", "#FFA15A", "#19d3f3", "#FF6692", "#B6E880", "#FF97FF", "#FECB52"], "font": {"color": "#2a3f5f"}, "geo": {"bgcolor": "white", "lakecolor": "white", "landcolor": "#E5ECF6", "showlakes": true, "showland": true, "subunitcolor": "white"}, "hoverlabel": {"align": "left"}, "hovermode": "closest", "mapbox": {"style": "light"}, "paper_bgcolor": "white", "plot_bgcolor": "#E5ECF6", "polar": {"angularaxis": {"gridcolor": "white", "linecolor": "white", "ticks": ""}, "bgcolor": "#E5ECF6", "radialaxis": {"gridcolor": "white", "linecolor": "white", "ticks": ""}}, "scene": {"xaxis": {"backgroundcolor": "#E5ECF6", "gridcolor": "white", "gridwidth": 2, "linecolor": "white", "showbackground": true, "ticks": "", "zerolinecolor": "white"}, "yaxis": {"backgroundcolor": "#E5ECF6", "gridcolor": "white", "gridwidth": 2, "linecolor": "white", "showbackground": true, "ticks": "", "zerolinecolor": "white"}, "zaxis": {"backgroundcolor": "#E5ECF6", "gridcolor": "white", "gridwidth": 2, "linecolor": "white", "showbackground": true, "ticks": "", "zerolinecolor": "white"}}, "shapedefaults": {"line": {"color": "#2a3f5f"}}, "ternary": {"aaxis": {"gridcolor": "white", "linecolor": "white", "ticks": ""}, "baxis": {"gridcolor": "white", "linecolor": "white", "ticks": ""}, "bgcolor": "#E5ECF6", "caxis": {"gridcolor": "white", "linecolor": "white", "ticks": ""}}, "title": {"x": 0.05}, "xaxis": {"automargin": true, "gridcolor": "white", "linecolor": "white", "ticks": "", "title": {"standoff": 15}, "zerolinecolor": "white", "zerolinewidth": 2}, "yaxis": {"automargin": true, "gridcolor": "white", "linecolor": "white", "ticks": "", "title": {"standoff": 15}, "zerolinecolor": "white", "zerolinewidth": 2}}}, "title": {"font": {"color": "Blue"}, "text": "Hierarchical Clustering"}, "width": 900, "xaxis": {"mirror": "allticks", "rangemode": "tozero", "showgrid": false, "showline": true, "showticklabels": true, "tickmode": "array", "ticks": "outside", "ticktext": ["r06", "r14", "r15", "r07", "r11", "r08", "h43", "h62", "h45", "h39", "h36", "h18", "h17", "h32", "h42", "h29", "c15", "c11", "c14", "c07", "c01", "ol5", "ol3", "ol4", "ol1", "ol2", "ob1", "oh1", "oh2"], "tickvals": [5.0, 15.0, 25.0, 35.0, 45.0, 55.0, 65.0, 75.0, 85.0, 95.0, 105.0, 115.0, 125.0, 135.0, 145.0, 155.0, 165.0, 175.0, 185.0, 195.0, 205.0, 215.0, 225.0, 235.0, 245.0, 255.0, 265.0, 275.0, 285.0], "title": {"text": "Samples"}, "type": "linear", "zeroline": false}, "yaxis": {"mirror": "allticks", "rangemode": "tozero", "showgrid": false, "showline": true, "showticklabels": true, "ticks": "outside", "type": "linear", "zeroline": false}},                        {"responsive": true}                    )                };                            </script>        </div>
    	<div style="margin-left: 50%">                        <script type="text/javascript">window.PlotlyConfig = {MathJaxConfig: 'local'};</script>
        	<script src="https://cdn.plot.ly/plotly-latest.min.js"></script>                <div id="a148bd6e-da2a-4260-b1a5-94f96e8de9f3" class="plotly-graph-div" style="height:800px; width:800px;"></div>            <script type="text/javascript">                                    window.PLOTLYENV=window.PLOTLYENV || {};                                    if (document.getElementById("a148bd6e-da2a-4260-b1a5-94f96e8de9f3")) {                    Plotly.newPlot(                        "a148bd6e-da2a-4260-b1a5-94f96e8de9f3",                        [{"hoverinfo": "text", "marker": {"color": "rgb(61,153,112)"}, "mode": "lines", "type": "scatter", "x": [25.0, 25.0, 35.0, 35.0], "xaxis": "x", "y": [0.0, 87.13411548992288, 87.13411548992288, 0.0], "yaxis": "y2"}, {"hoverinfo": "text", "marker": {"color": "rgb(61,153,112)"}, "mode": "lines", "type": "scatter", "x": [45.0, 45.0, 55.0, 55.0], "xaxis": "x", "y": [0.0, 88.00085052587896, 88.00085052587896, 0.0], "yaxis": "y2"}, {"hoverinfo": "text", "marker": {"color": "rgb(61,153,112)"}, "mode": "lines", "type": "scatter", "x": [30.0, 30.0, 50.0, 50.0], "xaxis": "x", "y": [87.13411548992288, 89.88493168872668, 89.88493168872668, 88.00085052587896], "yaxis": "y2"}, {"hoverinfo": "text", "marker": {"color": "rgb(61,153,112)"}, "mode": "lines", "type": "scatter", "x": [15.0, 15.0, 40.0, 40.0], "xaxis": "x", "y": [0.0, 90.18054888639327, 90.18054888639327, 89.88493168872668], "yaxis": "y2"}, {"hoverinfo": "text", "marker": {"color": "rgb(61,153,112)"}, "mode": "lines", "type": "scatter", "x": [5.0, 5.0, 27.5, 27.5], "xaxis": "x", "y": [0.0, 91.32763295991302, 91.32763295991302, 90.18054888639327], "yaxis": "y2"}, {"hoverinfo": "text", "marker": {"color": "rgb(61,153,112)"}, "mode": "lines", "type": "scatter", "x": [95.0, 95.0, 105.0, 105.0], "xaxis": "x", "y": [0.0, 67.05554985641346, 67.05554985641346, 0.0], "yaxis": "y2"}, {"hoverinfo": "text", "marker": {"color": "rgb(61,153,112)"}, "mode": "lines", "type": "scatter", "x": [85.0, 85.0, 100.0, 100.0], "xaxis": "x", "y": [0.0, 70.50143002620568, 70.50143002620568, 67.05554985641346], "yaxis": "y2"}, {"hoverinfo": "text", "marker": {"color": "rgb(61,153,112)"}, "mode": "lines", "type": "scatter", "x": [115.0, 115.0, 125.0, 125.0], "xaxis": "x", "y": [0.0, 72.4955029140378, 72.4955029140378, 0.0], "yaxis": "y2"}, {"hoverinfo": "text", "marker": {"color": "rgb(61,153,112)"}, "mode": "lines", "type": "scatter", "x": [145.0, 145.0, 155.0, 155.0], "xaxis": "x", "y": [0.0, 76.03932021981093, 76.03932021981093, 0.0], "yaxis": "y2"}, {"hoverinfo": "text", "marker": {"color": "rgb(61,153,112)"}, "mode": "lines", "type": "scatter", "x": [135.0, 135.0, 150.0, 150.0], "xaxis": "x", "y": [0.0, 76.53537314609406, 76.53537314609406, 76.03932021981093], "yaxis": "y2"}, {"hoverinfo": "text", "marker": {"color": "rgb(61,153,112)"}, "mode": "lines", "type": "scatter", "x": [120.0, 120.0, 142.5, 142.5], "xaxis": "x", "y": [72.4955029140378, 80.00878442290467, 80.00878442290467, 76.53537314609406], "yaxis": "y2"}, {"hoverinfo": "text", "marker": {"color": "rgb(61,153,112)"}, "mode": "lines", "type": "scatter", "x": [92.5, 92.5, 131.25, 131.25], "xaxis": "x", "y": [70.50143002620568, 80.70874945258477, 80.70874945258477, 80.00878442290467], "yaxis": "y2"}, {"hoverinfo": "text", "marker": {"color": "rgb(61,153,112)"}, "mode": "lines", "type": "scatter", "x": [75.0, 75.0, 111.875, 111.875], "xaxis": "x", "y": [0.0, 89.89580168077363, 89.89580168077363, 80.70874945258477], "yaxis": "y2"}, {"hoverinfo": "text", "marker": {"color": "rgb(61,153,112)"}, "mode": "lines", "type": "scatter", "x": [65.0, 65.0, 93.4375, 93.4375], "xaxis": "x", "y": [0.0, 108.50669804869273, 108.50669804869273, 89.89580168077363], "yaxis": "y2"}, {"hoverinfo": "text", "marker": {"color": "rgb(61,153,112)"}, "mode": "lines", "type": "scatter", "x": [175.0, 175.0, 185.0, 185.0], "xaxis": "x", "y": [0.0, 84.47559099727115, 84.47559099727115, 0.0], "yaxis": "y2"}, {"hoverinfo": "text", "marker": {"color": "rgb(61,153,112)"}, "mode": "lines", "type": "scatter", "x": [165.0, 165.0, 180.0, 180.0], "xaxis": "x", "y": [0.0, 100.822864979478, 100.822864979478, 84.47559099727115], "yaxis": "y2"}, {"hoverinfo": "text", "marker": {"color": "rgb(61,153,112)"}, "mode": "lines", "type": "scatter", "x": [195.0, 195.0, 205.0, 205.0], "xaxis": "x", "y": [0.0, 110.97189461020326, 110.97189461020326, 0.0], "yaxis": "y2"}, {"hoverinfo": "text", "marker": {"color": "rgb(61,153,112)"}, "mode": "lines", "type": "scatter", "x": [172.5, 172.5, 200.0, 200.0], "xaxis": "x", "y": [100.822864979478, 130.82372846793794, 130.82372846793794, 110.97189461020326], "yaxis": "y2"}, {"hoverinfo": "text", "marker": {"color": "rgb(61,153,112)"}, "mode": "lines", "type": "scatter", "x": [79.21875, 79.21875, 186.25, 186.25], "xaxis": "x", "y": [108.50669804869273, 141.0300887507058, 141.0300887507058, 130.82372846793794], "yaxis": "y2"}, {"hoverinfo": "text", "marker": {"color": "rgb(61,153,112)"}, "mode": "lines", "type": "scatter", "x": [16.25, 16.25, 132.734375, 132.734375], "xaxis": "x", "y": [91.32763295991302, 202.8441383828151, 202.8441383828151, 141.0300887507058], "yaxis": "y2"}, {"hoverinfo": "text", "marker": {"color": "rgb(255,65,54)"}, "mode": "lines", "type": "scatter", "x": [225.0, 225.0, 235.0, 235.0], "xaxis": "x", "y": [0.0, 72.08619668865954, 72.08619668865954, 0.0], "yaxis": "y2"}, {"hoverinfo": "text", "marker": {"color": "rgb(255,65,54)"}, "mode": "lines", "type": "scatter", "x": [245.0, 245.0, 255.0, 255.0], "xaxis": "x", "y": [0.0, 77.01187887295939, 77.01187887295939, 0.0], "yaxis": "y2"}, {"hoverinfo": "text", "marker": {"color": "rgb(255,65,54)"}, "mode": "lines", "type": "scatter", "x": [230.0, 230.0, 250.0, 250.0], "xaxis": "x", "y": [72.08619668865954, 95.58369006177847, 95.58369006177847, 77.01187887295939], "yaxis": "y2"}, {"hoverinfo": "text", "marker": {"color": "rgb(255,65,54)"}, "mode": "lines", "type": "scatter", "x": [215.0, 215.0, 240.0, 240.0], "xaxis": "x", "y": [0.0, 109.56158286807866, 109.56158286807866, 95.58369006177847], "yaxis": "y2"}, {"hoverinfo": "text", "marker": {"color": "rgb(35,205,205)"}, "mode": "lines", "type": "scatter", "x": [275.0, 275.0, 285.0, 285.0], "xaxis": "x", "y": [0.0, 68.83415280411936, 68.83415280411936, 0.0], "yaxis": "y2"}, {"hoverinfo": "text", "marker": {"color": "rgb(35,205,205)"}, "mode": "lines", "type": "scatter", "x": [265.0, 265.0, 280.0, 280.0], "xaxis": "x", "y": [0.0, 182.72576824143837, 182.72576824143837, 68.83415280411936], "yaxis": "y2"}, {"hoverinfo": "text", "marker": {"color": "rgb(0,116,217)"}, "mode": "lines", "type": "scatter", "x": [227.5, 227.5, 272.5, 272.5], "xaxis": "x", "y": [109.56158286807866, 249.43783233067197, 249.43783233067197, 182.72576824143837], "yaxis": "y2"}, {"hoverinfo": "text", "marker": {"color": "rgb(0,116,217)"}, "mode": "lines", "type": "scatter", "x": [74.4921875, 74.4921875, 250.0, 250.0], "xaxis": "x", "y": [202.8441383828151, 332.622298018495, 332.622298018495, 249.43783233067197], "yaxis": "y2"}, {"hoverinfo": "text", "marker": {"color": "rgb(61,153,112)"}, "mode": "lines", "type": "scatter", "x": [-0.0, -87.13411548992288, -87.13411548992288, -0.0], "xaxis": "x2", "y": [25.0, 25.0, 35.0, 35.0], "yaxis": "y"}, {"hoverinfo": "text", "marker": {"color": "rgb(61,153,112)"}, "mode": "lines", "type": "scatter", "x": [-0.0, -88.00085052587896, -88.00085052587896, -0.0], "xaxis": "x2", "y": [45.0, 45.0, 55.0, 55.0], "yaxis": "y"}, {"hoverinfo": "text", "marker": {"color": "rgb(61,153,112)"}, "mode": "lines", "type": "scatter", "x": [-87.13411548992288, -89.88493168872668, -89.88493168872668, -88.00085052587896], "xaxis": "x2", "y": [30.0, 30.0, 50.0, 50.0], "yaxis": "y"}, {"hoverinfo": "text", "marker": {"color": "rgb(61,153,112)"}, "mode": "lines", "type": "scatter", "x": [-0.0, -90.18054888639327, -90.18054888639327, -89.88493168872668], "xaxis": "x2", "y": [15.0, 15.0, 40.0, 40.0], "yaxis": "y"}, {"hoverinfo": "text", "marker": {"color": "rgb(61,153,112)"}, "mode": "lines", "type": "scatter", "x": [-0.0, -91.32763295991302, -91.32763295991302, -90.18054888639327], "xaxis": "x2", "y": [5.0, 5.0, 27.5, 27.5], "yaxis": "y"}, {"hoverinfo": "text", "marker": {"color": "rgb(61,153,112)"}, "mode": "lines", "type": "scatter", "x": [-0.0, -67.05554985641346, -67.05554985641346, -0.0], "xaxis": "x2", "y": [95.0, 95.0, 105.0, 105.0], "yaxis": "y"}, {"hoverinfo": "text", "marker": {"color": "rgb(61,153,112)"}, "mode": "lines", "type": "scatter", "x": [-0.0, -70.50143002620568, -70.50143002620568, -67.05554985641346], "xaxis": "x2", "y": [85.0, 85.0, 100.0, 100.0], "yaxis": "y"}, {"hoverinfo": "text", "marker": {"color": "rgb(61,153,112)"}, "mode": "lines", "type": "scatter", "x": [-0.0, -72.4955029140378, -72.4955029140378, -0.0], "xaxis": "x2", "y": [115.0, 115.0, 125.0, 125.0], "yaxis": "y"}, {"hoverinfo": "text", "marker": {"color": "rgb(61,153,112)"}, "mode": "lines", "type": "scatter", "x": [-0.0, -76.03932021981093, -76.03932021981093, -0.0], "xaxis": "x2", "y": [145.0, 145.0, 155.0, 155.0], "yaxis": "y"}, {"hoverinfo": "text", "marker": {"color": "rgb(61,153,112)"}, "mode": "lines", "type": "scatter", "x": [-0.0, -76.53537314609406, -76.53537314609406, -76.03932021981093], "xaxis": "x2", "y": [135.0, 135.0, 150.0, 150.0], "yaxis": "y"}, {"hoverinfo": "text", "marker": {"color": "rgb(61,153,112)"}, "mode": "lines", "type": "scatter", "x": [-72.4955029140378, -80.00878442290467, -80.00878442290467, -76.53537314609406], "xaxis": "x2", "y": [120.0, 120.0, 142.5, 142.5], "yaxis": "y"}, {"hoverinfo": "text", "marker": {"color": "rgb(61,153,112)"}, "mode": "lines", "type": "scatter", "x": [-70.50143002620568, -80.70874945258477, -80.70874945258477, -80.00878442290467], "xaxis": "x2", "y": [92.5, 92.5, 131.25, 131.25], "yaxis": "y"}, {"hoverinfo": "text", "marker": {"color": "rgb(61,153,112)"}, "mode": "lines", "type": "scatter", "x": [-0.0, -89.89580168077363, -89.89580168077363, -80.70874945258477], "xaxis": "x2", "y": [75.0, 75.0, 111.875, 111.875], "yaxis": "y"}, {"hoverinfo": "text", "marker": {"color": "rgb(61,153,112)"}, "mode": "lines", "type": "scatter", "x": [-0.0, -108.50669804869273, -108.50669804869273, -89.89580168077363], "xaxis": "x2", "y": [65.0, 65.0, 93.4375, 93.4375], "yaxis": "y"}, {"hoverinfo": "text", "marker": {"color": "rgb(61,153,112)"}, "mode": "lines", "type": "scatter", "x": [-0.0, -84.47559099727115, -84.47559099727115, -0.0], "xaxis": "x2", "y": [175.0, 175.0, 185.0, 185.0], "yaxis": "y"}, {"hoverinfo": "text", "marker": {"color": "rgb(61,153,112)"}, "mode": "lines", "type": "scatter", "x": [-0.0, -100.822864979478, -100.822864979478, -84.47559099727115], "xaxis": "x2", "y": [165.0, 165.0, 180.0, 180.0], "yaxis": "y"}, {"hoverinfo": "text", "marker": {"color": "rgb(61,153,112)"}, "mode": "lines", "type": "scatter", "x": [-0.0, -110.97189461020326, -110.97189461020326, -0.0], "xaxis": "x2", "y": [195.0, 195.0, 205.0, 205.0], "yaxis": "y"}, {"hoverinfo": "text", "marker": {"color": "rgb(61,153,112)"}, "mode": "lines", "type": "scatter", "x": [-100.822864979478, -130.82372846793794, -130.82372846793794, -110.97189461020326], "xaxis": "x2", "y": [172.5, 172.5, 200.0, 200.0], "yaxis": "y"}, {"hoverinfo": "text", "marker": {"color": "rgb(61,153,112)"}, "mode": "lines", "type": "scatter", "x": [-108.50669804869273, -141.0300887507058, -141.0300887507058, -130.82372846793794], "xaxis": "x2", "y": [79.21875, 79.21875, 186.25, 186.25], "yaxis": "y"}, {"hoverinfo": "text", "marker": {"color": "rgb(61,153,112)"}, "mode": "lines", "type": "scatter", "x": [-91.32763295991302, -202.8441383828151, -202.8441383828151, -141.0300887507058], "xaxis": "x2", "y": [16.25, 16.25, 132.734375, 132.734375], "yaxis": "y"}, {"hoverinfo": "text", "marker": {"color": "rgb(255,65,54)"}, "mode": "lines", "type": "scatter", "x": [-0.0, -72.08619668865954, -72.08619668865954, -0.0], "xaxis": "x2", "y": [225.0, 225.0, 235.0, 235.0], "yaxis": "y"}, {"hoverinfo": "text", "marker": {"color": "rgb(255,65,54)"}, "mode": "lines", "type": "scatter", "x": [-0.0, -77.01187887295939, -77.01187887295939, -0.0], "xaxis": "x2", "y": [245.0, 245.0, 255.0, 255.0], "yaxis": "y"}, {"hoverinfo": "text", "marker": {"color": "rgb(255,65,54)"}, "mode": "lines", "type": "scatter", "x": [-72.08619668865954, -95.58369006177847, -95.58369006177847, -77.01187887295939], "xaxis": "x2", "y": [230.0, 230.0, 250.0, 250.0], "yaxis": "y"}, {"hoverinfo": "text", "marker": {"color": "rgb(255,65,54)"}, "mode": "lines", "type": "scatter", "x": [-0.0, -109.56158286807866, -109.56158286807866, -95.58369006177847], "xaxis": "x2", "y": [215.0, 215.0, 240.0, 240.0], "yaxis": "y"}, {"hoverinfo": "text", "marker": {"color": "rgb(35,205,205)"}, "mode": "lines", "type": "scatter", "x": [-0.0, -68.83415280411936, -68.83415280411936, -0.0], "xaxis": "x2", "y": [275.0, 275.0, 285.0, 285.0], "yaxis": "y"}, {"hoverinfo": "text", "marker": {"color": "rgb(35,205,205)"}, "mode": "lines", "type": "scatter", "x": [-0.0, -182.72576824143837, -182.72576824143837, -68.83415280411936], "xaxis": "x2", "y": [265.0, 265.0, 280.0, 280.0], "yaxis": "y"}, {"hoverinfo": "text", "marker": {"color": "rgb(0,116,217)"}, "mode": "lines", "type": "scatter", "x": [-109.56158286807866, -249.43783233067197, -249.43783233067197, -182.72576824143837], "xaxis": "x2", "y": [227.5, 227.5, 272.5, 272.5], "yaxis": "y"}, {"hoverinfo": "text", "marker": {"color": "rgb(0,116,217)"}, "mode": "lines", "type": "scatter", "x": [-202.8441383828151, -332.622298018495, -332.622298018495, -249.43783233067197], "xaxis": "x2", "y": [74.4921875, 74.4921875, 250.0, 250.0], "yaxis": "y"}, {"colorscale": [[0.0, "rgb(247,251,255)"], [0.125, "rgb(222,235,247)"], [0.25, "rgb(198,219,239)"], [0.375, "rgb(158,202,225)"], [0.5, "rgb(107,174,214)"], [0.625, "rgb(66,146,198)"], [0.75, "rgb(33,113,181)"], [0.875, "rgb(8,81,156)"], [1.0, "rgb(8,48,107)"]], "type": "heatmap", "x": [5.0, 15.0, 25.0, 35.0, 45.0, 55.0, 65.0, 75.0, 85.0, 95.0, 105.0, 115.0, 125.0, 135.0, 145.0, 155.0, 165.0, 175.0, 185.0, 195.0, 205.0, 215.0, 225.0, 235.0, 245.0, 255.0, 265.0, 275.0, 285.0], "y": [5.0, 15.0, 25.0, 35.0, 45.0, 55.0, 65.0, 75.0, 85.0, 95.0, 105.0, 115.0, 125.0, 135.0, 145.0, 155.0, 165.0, 175.0, 185.0, 195.0, 205.0, 215.0, 225.0, 235.0, 245.0, 255.0, 265.0, 275.0, 285.0], "z": [[0.0, 91.32763295991302, 90.03583864981164, 87.20291262961292, 89.85287773823353, 90.68363166965875, 187.11927037554648, 195.0673344601468, 188.5484785583927, 194.08235942994042, 192.41515973336524, 195.06109639498413, 192.3746160966813, 196.90865502437248, 202.8441383828151, 193.85154910595378, 185.2050472623783, 171.6505631955324, 181.32775411651124, 190.5996413926587, 166.46585255475233, 279.2569326778256, 274.2244904826524, 276.4319815820576, 274.76900450931987, 272.46804218075755, 187.80685244486912, 264.1842878877323, 261.20951946879126], [91.32763295991302, 0.0, 89.99416895975234, 89.56535793560565, 90.18054888639327, 89.22787548617855, 185.13124911871083, 184.65184993820156, 181.52631382109118, 186.00260911375074, 184.6595250712767, 187.10393383995535, 185.16843762660818, 189.1320321555494, 193.95611183336132, 185.59174174091308, 178.1048966493014, 167.02064827745076, 172.91262508304342, 182.72339473915028, 163.10332256764772, 290.4697174833302, 284.835133365228, 286.9565552247612, 285.4008825414919, 282.49834409203663, 193.3728172511976, 274.13367339596294, 272.0712268575167], [90.03583864981164, 89.99416895975234, 0.0, 87.13411548992288, 88.36907042061867, 88.03445320394553, 186.55984748198912, 188.12722676152936, 183.05542796455407, 188.141090707622, 186.43104984593404, 189.63795200958475, 187.88406939329283, 191.8092346759312, 196.18837812816784, 187.28786807512384, 179.94301985605958, 168.40460263407445, 175.51207432099065, 185.99563508203275, 162.90763794622202, 282.6586555222196, 277.36904974475306, 279.8166364281843, 277.8426153534596, 275.49570587462944, 186.17587906391634, 265.70738585100236, 263.13845121066083], [87.20291262961292, 89.56535793560565, 87.13411548992288, 0.0, 89.42107710294192, 89.88493168872668, 185.0682980201858, 189.76760347564058, 184.80399053423034, 189.50417738517248, 188.25547157232583, 190.4096741772457, 188.1081370464427, 192.36993715202334, 198.22416882789145, 188.77212269612434, 181.36622721614322, 168.57859872628222, 176.82468078488716, 186.50603551079595, 164.92552581314771, 282.6036586267512, 277.4889250337079, 279.89711060120334, 278.0344259963716, 275.5395082742587, 186.54580961652914, 266.85464401656606, 263.8236359433775], [89.85287773823353, 90.18054888639327, 88.36907042061867, 89.42107710294192, 0.0, 88.00085052587896, 187.11223070036007, 190.50267368047213, 185.03580351445106, 190.21649402240942, 188.60397874802362, 191.94920886445792, 189.78959719902196, 193.69215713589344, 198.37052278699258, 189.25708777572385, 181.7699867025086, 170.1876480215644, 177.165452347114, 188.77400462545086, 164.2481849942204, 283.0323537763515, 277.2828223477998, 279.4842965398213, 277.9227864847319, 275.55061170019366, 188.09564143182058, 267.93435591261846, 265.19370919754215], [90.68363166965875, 89.22787548617855, 88.03445320394553, 89.88493168872668, 88.00085052587896, 0.0, 187.24925995987965, 188.15317989177004, 184.15085595899018, 188.8102494733972, 187.28002640861467, 190.7400553248861, 188.71758788570833, 192.8470800928475, 196.8818412892309, 187.72674134322924, 182.7007770245111, 169.74326596728363, 176.79921624886055, 186.96416800415474, 164.02823926385767, 285.81123031829486, 279.6794676134156, 281.90043955338757, 280.49478842018175, 278.12355004070014, 189.79104120024422, 269.6087952520196, 267.12070032326403], [187.11927037554648, 185.13124911871083, 186.55984748198912, 185.0682980201858, 187.11223070036007, 187.24925995987965, 0.0, 108.50669804869273, 92.76125122805142, 93.35925755768538, 92.2907639050017, 94.70929894607241, 84.96927074172923, 87.65389900990095, 96.6484178637708, 90.40258496726165, 141.0300887507058, 117.43748042736688, 126.68671988173327, 138.580623143057, 124.71549127545815, 310.5515424259867, 303.00855558272303, 306.19915855794716, 304.68846764888207, 299.49604699716195, 217.89780571198298, 299.44343619020594, 299.02849140920284], [195.0673344601468, 184.65184993820156, 188.12722676152936, 189.76760347564058, 190.50267368047213, 188.15317989177004, 108.50669804869273, 0.0, 83.45019873124225, 78.23010508806135, 79.46612107115664, 79.43455737085549, 81.39548535309962, 89.89580168077363, 85.61034707784167, 84.04168509761452, 137.47047715536326, 122.69458425358026, 119.47760967093315, 132.49260908959332, 129.37567333535182, 331.3664061820712, 323.71684008760593, 326.71800667992795, 325.78192865403804, 321.04307314089056, 223.9419252655886, 312.61897896621207, 313.85003386179386], [188.5484785583927, 181.52631382109118, 183.05542796455407, 184.80399053423034, 185.03580351445106, 184.15085595899018, 92.76125122805142, 83.45019873124225, 0.0, 70.50143002620568, 69.6859750602683, 80.18672729836219, 77.8830854337834, 80.70874945258477, 79.20105947392977, 78.91224297394646, 126.73492170221776, 112.06410098563823, 109.2917856442579, 130.75573698122872, 121.2287187550744, 318.5389167720256, 311.7634852360216, 314.8338708823203, 313.53239405921113, 308.40932748661174, 214.12273544596297, 301.0617778631532, 301.80684568694704], [194.08235942994042, 186.00260911375074, 188.141090707622, 189.50417738517248, 190.21649402240942, 188.8102494733972, 93.35925755768538, 78.23010508806135, 70.50143002620568, 0.0, 67.05554985641346, 72.26640671506347, 70.67534714680191, 78.97666445377465, 75.26243219643067, 73.5155428367492, 130.05162337962213, 112.78887959277485, 110.15670301483449, 130.34115824465508, 125.39535376116348, 326.1918722768929, 318.64711084890325, 321.2590665691161, 320.24114326246456, 315.1169393510129, 219.5621421095055, 308.9367022775431, 309.80926527090065], [192.41515973336524, 184.6595250712767, 186.43104984593404, 188.25547157232583, 188.60397874802362, 187.28002640861467, 92.2907639050017, 79.46612107115664, 69.6859750602683, 67.05554985641346, 0.0, 75.47099453955973, 71.64144114319228, 75.99742660744751, 73.16465032775187, 72.8087808113097, 131.18475146954128, 113.15803179833509, 112.48694603663299, 130.6315979528931, 123.29695424057236, 324.53032462358004, 317.0122482919699, 320.00409369582053, 318.4493737698302, 313.16182369295433, 218.92997629090775, 305.85731201539306, 306.7401179855886], [195.06109639498413, 187.10393383995535, 189.63795200958475, 190.4096741772457, 191.94920886445792, 190.7400553248861, 94.70929894607241, 79.43455737085549, 80.18672729836219, 72.26640671506347, 75.47099453955973, 0.0, 72.4955029140378, 78.51663595642344, 80.00878442290467, 77.65648528316854, 132.5229484138003, 117.53068767551916, 115.23161867256317, 130.31655454296617, 129.68404888600773, 325.85675900743433, 319.05662192775816, 321.92123939617915, 320.4112694150729, 315.31539296396255, 219.804960662357, 307.7141866752397, 308.8466476228089], [192.3746160966813, 185.16843762660818, 187.88406939329283, 188.1081370464427, 189.78959719902196, 188.71758788570833, 84.96927074172923, 81.39548535309962, 77.8830854337834, 70.67534714680191, 71.64144114319228, 72.4955029140378, 0.0, 73.0608324536747, 74.506741773844, 73.84434229359418, 133.3148848718407, 115.54501781560313, 115.19499165732707, 130.118683390705, 127.55221656793705, 325.24108640809436, 317.9967657463917, 320.7628114359628, 319.6474617697771, 314.45501012422284, 221.06801513237247, 308.29634619151767, 309.21181331900186], [196.90865502437248, 189.1320321555494, 191.8092346759312, 192.36993715202334, 193.69215713589344, 192.8470800928475, 87.65389900990095, 89.89580168077363, 80.70874945258477, 78.97666445377465, 75.99742660744751, 78.51663595642344, 73.0608324536747, 0.0, 76.53537314609406, 76.31378954407212, 134.74148346929255, 118.96640734250242, 118.1864541242923, 132.37808308037634, 131.72269417950423, 326.7119752012087, 319.34833979540156, 322.2489897694088, 320.886693683347, 315.42306147014943, 225.1098756379065, 309.9155198235232, 310.8723950339733], [202.8441383828151, 193.95611183336132, 196.18837812816784, 198.22416882789145, 198.37052278699258, 196.8818412892309, 96.6484178637708, 85.61034707784167, 79.20105947392977, 75.26243219643067, 73.16465032775187, 80.00878442290467, 74.506741773844, 76.53537314609406, 0.0, 76.03932021981093, 140.3403356330158, 122.47840904314015, 119.98988834779595, 134.46347720840643, 134.2275896948052, 332.622298018495, 324.59433682630856, 327.7721396296362, 326.56090024240376, 320.9320824871948, 230.80749013066097, 314.86260858064327, 316.43759720241155], [193.85154910595378, 185.59174174091308, 187.28786807512384, 188.77212269612434, 189.25708777572385, 187.72674134322924, 90.40258496726165, 84.04168509761452, 78.91224297394646, 73.5155428367492, 72.8087808113097, 77.65648528316854, 73.84434229359418, 76.31378954407212, 76.03932021981093, 0.0, 137.91272517122465, 117.05031088709174, 118.12995563123272, 132.2828359391268, 127.33319263545144, 324.35080479390643, 316.648045262676, 319.4794975718341, 318.27957361476444, 313.1870117222818, 219.46454559923743, 306.85379732110374, 307.6531672962213], [185.2050472623783, 178.1048966493014, 179.94301985605958, 181.36622721614322, 181.7699867025086, 182.7007770245111, 141.0300887507058, 137.47047715536326, 126.73492170221776, 130.05162337962213, 131.18475146954128, 132.5229484138003, 133.3148848718407, 134.74148346929255, 140.3403356330158, 137.91272517122465, 0.0, 100.822864979478, 87.95352744117413, 130.82372846793794, 112.29639028595072, 312.47174924792915, 308.72381492359807, 310.22629605220936, 307.660125485652, 302.9108424289826, 206.28391098564995, 295.92683291800915, 295.62456334997756], [171.6505631955324, 167.02064827745076, 168.40460263407445, 168.57859872628222, 170.1876480215644, 169.74326596728363, 117.43748042736688, 122.69458425358026, 112.06410098563823, 112.78887959277485, 113.15803179833509, 117.53068767551916, 115.54501781560313, 118.96640734250242, 122.47840904314015, 117.05031088709174, 